0 4.62369 33.607 8.59262 17.9941 0.4 0.4 0.4 0.4 0.4 0.4 0.4 0.4 0.4 0.4 0.4 0.4 0.4 0.4 0.4 0.4 0.4 0.4 0.4 0.4 0.4 0.4 0.4 0.4 0.4 0.4 0.4 0.4 0.4 0.4 0.4 0.4 0.4 0.4 0.4 0.4 0.4 0.4 0.4 0.4 0.4 0.4 0.4 0.4 0.4 0.4 0.4 0.4 0.4 0.4 0.4 0.4 0.4 0.4 0.4
4.62369 0 30.5046 12.7117 17.1541 0.4 0.4 0.4 0.4 0.4 0.4 0.4 0.4 0.4 0.4 0.4 0.4 0.4 0.4 0.4 0.4 0.4 0.4 0.4 0.4 0.4 0.4 0.4 0.4 0.4 0.4 0.4 0.4 0.4 0.4 0.4 0.4 0.4 0.4 0.4 0.4 0.4 0.4 0.4 0.4 0.4 0.4 0.4 0.4 0.4 0.4 0.4 0.4 0.4 0.4 0.4 0.4 0.4 0.4 0.4
33.607 30.5046 0 38.2953 27.2303 76.311 72.6428 75.8749 69.8815 73.9445 69.1443 62.1665 71.6848 34.2342 73.7484 68.3375 53.5878 57.2199 71.1007 55.8755 76.3456 51.3956 54.2128 50.6791 46.2742 37.6942 36.0495 38.3824 69.8488 77.4424 61.0547 84.4353 84.1788 81.3834 52.835 77.7791 87.6146 82.8268 79.5876 84.7574 71.9649 79.556 29.7619 24.3747 17.382 56.368 66.6034 60.0555 70.5672 61.8182 65.5661 62.3758 69.2643 26.4767 31.5701 49.3457 61.5957 56.7152 50.3681 41.5029
8.59262 12.7117 38.2953 0 23.9036 0.4 0.4 0.4 0.4 0.4 0.4 0.4 0.4 0.4 0.4 0.4 0.4 0.4 0.4 0.4 0.4 0.4 0.4 0.4 0.4 0.4 0.4 0.4 0.4 0.4 0.4 0.4 0.4 0.4 0.4 0.4 0.4 0.4 0.4 0.4 0.4 0.4 0.4 0.4 0.4 0.4 0.4 0.4 0.4 0.4 0.4 0.4 0.4 0.4 0.4 0.4 0.4 0.4 0.4 0.4
17.9941 17.1541 27.2303 23.9036 0 51.8533 60.9156 60.0826 48.1572 57.4743 58.5093 36.9157 57.5755 36.7586 69.3048 71.6868 59.3805 59.7099 69.1786 51.1769 68.3897 33.0557 52.2289 34.0472 32.3482 23.0749 30.2283 31.6709 62.8058 67.2613 53.3143 71.5164 68.5994 68.9663 42.1188 51.7401 68.1508 58.094 52.8292 62.024 56.7869 62.8333 37.2269 42.4817 35.5603 30.8108 41.9901 50.6245 48.6887 57.6495 50.8718 77.5356 82.4848 38.4921 44.2743 61.7754 78.3756 72.7088 63.3951 61.769
0.4 0.4 76.311 51.1097 51.8533 0 49.0268 44.5485 38.0991 51.8755 69.1559 38.0645 36.387 72.5166 67.4389 89.8964 87.9311 86.1667 86.0394 76.2039 79.9905 49.1876 65.3106 35.5603 56.7187 64.3122 74.3735 69.9992 91 84.728 86.6499 84.8326 83.0058 93.4656 79.494 17.4147 56.5265 40.4951 38.7312 57.484 59.3939 41.3387 67.8819 80.0934 76.2369 43.1361 48.5312 74.0762 62.4909 87.4161 78.2411 123.98 129.247 88.8257 93.0422 108.294 127.867 122.698 113.463 113.499
0.4 0.4 72.6428 44.3654 60.9156 49.0268 0 16.5426 41.5109 35.0464 48.4707 57.8426 43.3312 54.0927 19.9429 49.3331 56.7381 56.6226 52.6876 56.7892 55.2263 47.5141 27.7047 54.2273 82.4018 74.5349 78.1331 65.8096 120.32 118.592 112.782 121.921 120.403 124.849 96.6635 65.0924 99.4114 86.7097 79.7546 101.021 94.8318 72.0442 48.653 64.2199 63.4562 65.8365 73.028 64.0258 88.4124 75.9784 93.3919 133.538 140.427 95.6573 101.364 119.314 133.95 128.544 119.797 112.532
0.4 0.4 75.8749 41.3396 60.0826 44.5485 16.5426 0 27.928 20.6522 38.5124 47.5177 51.5324 54.0469 33.87 52.8914 58.0063 55.361 49.2434 50.8029 46.1398 39.0237 35.7179 58.1407 83.0447 69.4147 73.4933 60.8101 118.738 118.036 109.846 119.98 115.908 119.034 90.4926 59.7308 98.3843 81.7096 70.8612 95.4499 95.8682 76.1622 56.6538 72.3552 70.0028 57.412 62.5443 54.9737 78.3589 68.1882 83.8993 136.069 141.562 96.3459 102.843 120.991 135.452 129.39 119.226 114.031
0.4 0.4 69.8815 32.5293 48.1572 38.0991 41.5109 27.928 0 18.1843 33.2798 21.9289 60.8872 50.7731 58.0309 65.3734 62.1488 57.3456 54.3938 44.0253 43.904 21.4492 50.1734 55.7244 70.9128 50.2512 56.1392 46.2003 101.025 102.506 90.4199 102.651 94.9504 95.7638 68.2201 46.4531 86.283 64.9522 48.3493 75.5226 85.236 75.5715 61.8349 75.6115 70.6835 33.4488 35.8734 40.2487 51.6467 54.5471 58.7866 124.536 127.825 83.9573 91.0468 108.507 123.089 116.372 104.617 103.579
0.4 0.4 73.9445 36.0623 57.4743 51.8755 35.0464 20.6522 18.1843 0 21.2816 38.4723 67.0919 47.6792 48.1462 51.6224 52.1473 46.7302 39.821 36.7903 30.0635 27.5259 41.8923 66.0927 84.1145 59.6961 62.4322 49.0034 115.328 117.757 104.024 118.793 111.502 110.799 79.3045 63.0499 102.612 82.5504 66.5131 93.3183 100.106 87.4407 61.0105 75.6151 71.726 48.987 51.6766 37.5397 66.4259 51.1755 68.9417 132.469 136.173 91.3496 98.9063 117.066 129.651 122.835 111.234 107.639
0.4 0.4 69.1443 35.5332 58.5093 69.1559 48.4707 38.5124 33.2798 21.2816 0 46.1818 81.6883 37.5904 54.9174 41.8632 38.0106 30.4372 24.0441 18.7236 11.3299 28.2274 42.478 76.2588 89.1668 55.5145 54.0783 38.9355 116.688 122.619 103.4 124.247 115.694 110.738 74.3871 78.0564 114.332 94.6624 77.1804 102.364 109.3 101.681 59.8917 72.3271 68.1209 53.777 56.171 21.8046 67.7618 32.8859 63.1455 126.503 129.255 85.5736 93.8963 111.916 121.063 113.865 101.875 97.336
0.4 0.4 62.1665 32.1383 36.9157 38.0645 57.8426 47.5177 21.9289 38.4723 46.1818 0 64.552 52.2708 73.4676 78.1267 69.7634 65.5592 67.2575 49.8452 57.0757 22.022 61.5313 50.2458 55.4733 34.8751 43.8424 39.9894 80.9753 83.6724 69.9897 83.0202 73.7745 73.9306 49.2913 37.7966 72.0576 49.8035 31.3221 56.6855 70.7269 70.5807 63.4457 74.2652 67.9762 12.1064 15.2391 42.1035 31.1493 54.3203 42.0535 109.282 111.459 70.0651 76.7525 92.8996 108.442 101.746 89.7386 91.9732
0.4 0.4 71.6848 58.3883 57.5755 36.387 43.3312 51.5324 60.8872 67.0919 81.6883 64.552 0 73.5226 53.7763 84.5457 85.8802 87.672 89.6919 85.156 91.2547 65.1023 56.5675 27.9324 60.2569 78.3492 86.0537 80.7025 99.8731 91.6101 98.4554 95.7864 100.495 112.47 96.7029 47.8591 66.877 64.5877 70.6015 80.457 62.3664 31.4922 54.643 65.2057 64.7118 67.385 76.636 89.0874 89.7437 100.829 100.993 120.849 129.428 90.0743 92.5361 107.346 126.877 123.179 117.119 112.184
0.4 0.4 34.2342 22.1066 36.7586 72.5166 54.0927 54.0469 50.7731 47.6792 37.5904 52.2708 73.5226 0 54.3899 38.945 23.0743 24.0712 37.0869 23.525 43.0764 32.0721 32.6297 60.8441 68.3454 39.674 35.0852 22.7075 95.3626 102.801 83.2598 107.381 102.668 97.6645 60.5728 78.9545 103.743 91.0901 80.1366 96.3441 92.6709 90.9063 30.1387 37.7413 32.9435 52.6033 60.5855 33.0687 68.8128 36.4125 61.2159 93.4458 98.0284 54.4244 62.1106 80.1971 88.64 82.2677 72.5213 64.01
0.4 0.4 73.7484 52.4993 69.3048 67.4389 19.9429 33.87 58.0309 48.1462 54.9174 73.4676 53.7763 54.3899 0 38.7715 50.6904 52.9639 49.8884 59.7101 58.8442 58.9088 21.9212 64.8603 92.2791 83.4569 84.6909 71.6393 130.064 129.372 122.455 134.028 133.605 136.86 106.236 82.9257 113.769 103.418 97.2532 116.86 106.604 84.1969 45.7126 59.737 61.0288 80.2163 88.2098 70.6355 102.671 80.1145 104.413 135.19 142.931 99.1326 104.583 122.343 134.916 129.933 122.358 112.182
0.4 0.4 68.3375 51.392 71.6868 89.8964 49.3331 52.8914 65.3734 51.6224 41.8632 78.1267 84.5457 38.945 38.7715 0 19.9333 22.6382 21.678 38.7349 39.6876 56.8877 28.1864 84.3602 101.891 77.1137 72.8132 58.1797 133.088 138.365 121.781 143.118 139.275 135.685 98.2725 101.959 132.668 119.469 107.989 128.51 123.085 110.851 48.5693 58.3272 58.4771 83.268 89.8556 53.4532 101.132 56.7523 94.4832 127.895 133.58 91.6406 98.5943 116.2 122.695 116.917 108.485 96.7733
0.4 0.4 53.5878 41.2751 59.3805 87.9311 56.7381 58.0063 62.1488 52.1473 38.0106 69.7634 85.8802 23.0743 50.6904 19.9333 0 8.92511 22.7646 26.2812 37.5828 47.8207 32.1574 79.1085 90.6455 61.5257 55.4263 41.7775 118.15 125.627 105.867 130.387 125.608 119.834 81.3861 97.1284 124.95 111.741 99.6589 118.25 114.206 108.096 41.7863 49.0929 47.4051 72.5734 79.2477 41.0537 88.2927 41.6114 78.9811 110.97 115.689 74.542 81.9412 99.2817 104.587 98.4602 89.5178 78.4064
0.4 0.4 57.2199 39.8308 59.7099 86.1667 56.6226 55.361 57.3456 46.7302 30.4372 65.5592 87.672 24.0712 52.9639 22.6382 8.92511 0 16.2972 18.9718 29.2231 43.5875 35.0677 80.6356 91.7397 59.4235 53.4124 38.7804 118.565 126.35 105.567 130.387 124.347 117.919 78.912 95.1171 124.851 109.934 96.2016 116.287 115.191 109.437 47.141 55.5334 52.9653 69.0879 74.7158 33.8369 83.8104 34.7663 74.2075 114.357 118.28 76.6485 84.5288 102.051 107.532 100.986 91.0564 81.4998
0.4 0.4 71.1007 46.4814 69.1786 86.0394 52.6876 49.2434 54.3938 39.821 24.0441 67.2575 89.6919 37.0869 49.8884 21.678 22.7646 16.2972 0 23.8829 18.8297 46.3625 37.4979 86.5539 101.066 68.8893 64.4156 48.7887 129.545 136.179 116.514 139.418 132.652 127.039 88.5672 96.6228 130.442 113.614 98.4299 121.504 122.787 113.458 57.5463 68.3035 66.0588 73.3218 77.5759 36.5913 88.2614 40.342 80.4979 129.577 133.349 90.7943 98.8099 116.674 123.06 116.346 105.855 97.2803
0.4 0.4 55.8755 30.7051 51.1769 76.2039 56.7892 50.8029 44.0253 36.7903 18.7236 49.8452 85.156 23.525 59.7101 38.7349 26.2812 18.9718 23.8829 0 21.9603 28.941 41.6291 75.1305 83.3429 46.2092 41.3906 25.8855 108.205 116.385 94.2623 119.052 110.92 103.781 64.8972 83.1324 114.316 96.8605 80.7584 102.216 106.464 103.49 51.5289 61.0253 56.3786 53.5493 57.5991 15.0559 66.3481 20.4746 57.0834 111.407 113.962 71.4479 79.9627 97.6422 104.743 97.5462 85.8664 80.1916
0.4 0.4 76.3456 45.4263 68.3897 79.9905 55.2263 46.1398 43.904 30.0635 11.3299 57.0757 91.2547 43.0764 58.8442 39.6876 37.5828 29.2231 18.8297 21.9603 0 39.1681 47.4677 86.809 99.6411 64.2974 61.2772 46.0475 126.333 133.05 112.558 134.789 125.88 119.727 82.2791 89.2457 125.633 105.892 87.9572 113.295 120.329 112.434 66.5804 78.3422 74.6359 64.4463 66.2251 26.8526 76.8915 33.894 70.1888 133.189 135.673 92.8542 101.322 119.154 126.64 119.376 107.436 102.089
0.4 0.4 51.3956 15.1782 33.0557 49.1876 47.5141 39.0237 21.4492 27.5259 28.2274 22.022 65.1023 32.0721 58.9088 56.8877 47.8207 43.5875 46.3625 28.941 39.1681 0 43.5674 52.7551 61.8003 32.2158 35.9279 24.9328 89.7665 94.6337 77.5277 96.1632 88.4081 85.7681 52.6884 54.4097 87.202 68.4241 52.7865 75.3112 81.7971 78.7875 48.6442 60.2895 54.4176 27.1924 33.0434 25.5128 45.671 38.3764 46.181 106.256 109.289 65.0485 72.7719 90.5921 103.42 96.5149 84.6682 82.8399
0.4 0.4 54.2128 34.5296 52.2289 65.3106 27.7047 35.7179 50.1734 41.8923 42.478 61.5313 56.5675 32.6297 21.9212 28.1864 32.1574 35.0677 37.4979 41.6291 47.4677 43.5674 0 57.4297 79.1059 64.5171 64.2767 51.3138 114.301 116.399 105.24 121.294 119.623 120.186 87.2441 77.8812 106.939 95.804 87.9526 106.527 97.7217 82.8789 28.7969 43.228 43.0161 66.3219 74.9123 53.369 87.7408 61.4795 86.5429 116.396 123.355 79.3145 85.3814 103.438 114.768 109.421 101.379 91.2963
0.4 0.4 50.6791 44.6517 34.0472 35.5603 54.2273 58.1407 55.7244 66.0927 76.2588 50.2458 27.9324 60.8441 64.8603 84.3602 79.1085 80.6356 86.5539 75.1305 86.809 52.7551 57.4297 0 32.7918 55.4263 64.0746 62.8738 72.7707 66.8878 70.7182 71.6124 75.5498 86.0394 71.503 38.4964 51.1946 48.6693 54.8118 60.2967 41.7566 30.4414 45.1989 52.6662 49.6356 48.3716 58.9725 76.6387 69.091 86.7723 79.4607 95.4184 103.074 64.462 66.6582 81.1392 101.442 97.5886 91.2844 88.6378
0.4 0.4 46.2742 55.0141 32.3482 56.7187 82.4018 83.0447 70.9128 84.1145 89.1668 55.4733 60.2569 68.3454 92.2791 101.891 90.6455 91.7397 101.066 83.3429 99.6411 61.8003 79.1059 32.7918 0 45.7905 55.0508 62.1276 40.0789 37.3545 39.504 43.1661 47.5013 57.3036 52.0377 49.2125 42.44 43.9886 52.1003 44.5061 26.9151 48.7555 59.688 60.4647 55.2938 46.6406 55.87 81.1762 58.0765 87.9614 67.2006 70.2619 76.0799 44.8509 44.8553 55.529 77.6989 74.2589 68.6028 71.4815
0.4 0.4 37.6942 31.1431 23.0749 64.3122 74.5349 69.4147 50.2512 59.6961 55.5145 34.8751 78.3492 39.674 83.4569 77.1137 61.5257 59.4235 68.8893 46.2092 64.2974 32.2158 64.5171 55.4263 45.7905 0 12.122 21.3017 62.7313 72.6781 48.3399 74.7348 65.917 58.7308 22.8056 61.4575 79.2335 64.6026 52.5651 63.7402 70.2087 82.0538 54.1026 58.1064 50.5104 26.4239 33.0275 40.0862 34.1695 44.1671 28.9885 77.9478 79.1892 38.0993 45.9087 62.0442 74.7601 67.6683 55.2149 58.015
0.4 0.4 36.0495 33.8104 30.2283 74.3735 78.1331 73.4933 56.1392 62.4322 54.0783 43.8424 86.0537 35.0852 84.6909 72.8132 55.4263 53.4124 64.4156 41.3906 61.2772 35.9279 64.2767 64.0746 55.0508 12.122 0 15.8616 69.5435 81.399 54.3772 84.0743 75.2292 65.312 26.0666 72.8929 90.7235 76.7181 64.164 75.4387 80.5983 92.0901 53.9701 56.5286 49.0571 37.1266 42.581 36.3239 42.7881 36.7344 31.0722 76.2308 76.9626 36.4815 45.1694 61.3008 70.5596 63.0391 50.0644 51.234
0.4 0.4 38.3824 23.2709 31.6709 69.9992 65.8096 60.8101 46.2003 49.0034 38.9355 39.9894 80.7025 22.7075 71.6393 58.1797 41.7775 38.7804 48.7887 25.8855 46.0475 24.9328 51.3138 62.8738 62.1276 21.3017 15.8616 0 82.9243 92.6093 68.6147 95.3848 87.1712 79.2462 40.3622 72.0905 96.2175 80.598 66.4596 82.6772 86.9343 91.9035 47.0796 53.0303 46.2055 37.6583 43.4559 23.1518 48.578 26.3371 38.5785 88.6695 90.593 47.9819 56.6732 74.0329 82.9735 75.6344 63.3386 60.8779
0.4 0.4 69.8488 85.7123 62.8058 91 120.32 118.738 101.025 115.328 116.688 80.9753 99.8731 95.3626 130.064 133.088 118.15 118.565 129.545 108.205 126.333 89.7665 114.301 72.7707 40.0789 62.7313 69.5435 82.9243 0 20.8332 17.2597 24.3432 27.018 32.3208 52.5426 78.674 58.1963 63.0133 70.4242 50.3147 47.2373 82.8905 93.1113 89.8643 84.1832 69.3005 73.8537 102.71 66.5361 105.668 72.3984 56.7661 56.9396 51.2752 47.8484 45.7168 65.4267 63.4578 60.1369 72.1199
0.4 0.4 77.4424 90.2675 67.2613 84.728 118.592 118.036 102.506 117.757 122.619 83.6724 91.6101 102.801 129.372 138.365 125.627 126.35 136.179 116.385 133.05 94.6337 116.399 66.8878 37.3545 72.6781 81.399 92.6093 20.8332 0 35.2977 11.3491 28.597 46.2847 66.9644 71.6506 41.7396 54.0849 68.2708 43.6234 31.8633 69.5669 95.825 93.8546 88.9655 73.2507 78.4596 111.645 74.0528 116.827 84.6782 70.7207 73.5345 64.4303 60.7856 60.3276 81.9768 80.6749 78.1662 87.4729
0.4 0.4 61.0547 74.5932 53.3143 86.6499 112.782 109.846 90.4199 104.024 103.4 69.9897 98.4554 83.2598 122.455 121.781 105.867 105.567 116.514 94.2623 112.558 77.5277 105.24 70.7182 39.504 48.3399 54.3772 68.6147 17.2597 35.2977 0 36.9308 30.3328 24.334 35.6459 75.3532 64.7807 62.6124 63.9514 50.4393 54.3854 86.0784 85.7772 83.4002 76.8946 57.9268 61.8386 87.8784 53.2508 89.9564 56.091 55.87 54.4635 41.313 40.4495 42.2832 60.032 56.1022 49.3476 62.4462
0.4 0.4 84.4353 93.5418 71.5164 84.8326 121.921 119.98 102.651 118.793 124.247 83.0202 95.7864 107.381 134.028 143.118 130.387 130.387 139.418 119.052 134.789 96.1632 121.294 71.6124 43.1661 74.7348 84.0743 95.3848 24.3432 11.3491 36.9308 0 20.2608 41.5081 67.2054 70.2265 40.1551 50.2834 64.2226 37.0791 35.7156 72.8276 102.526 101.752 96.4458 72.7004 76.3672 113.028 70.8467 118.551 83.1774 79.0738 80.4446 71.0892 68.3361 68.3133 89.1702 87.3632 83.7083 94.4552
0.4 0.4 84.1788 88.5154 68.5994 83.0058 120.403 115.908 94.9504 111.502 115.694 73.7745 100.495 102.668 133.605 139.275 125.608 124.347 132.652 110.92 125.88 88.4081 119.623 75.5498 47.5013 65.917 75.2292 87.1712 27.018 28.597 30.3328 20.2608 0 24.3662 54.5365 67.5796 48.6704 47.6963 54.5583 30.3001 47.4562 81.1235 103.554 104.17 97.8712 63.0398 64.1445 102.773 55.5873 107.781 68.0242 82.801 81.6312 69.4512 68.7405 70.5108 89.2619 85.9831 79.5828 92.4903
0.4 0.4 81.3834 86.9512 68.9663 93.4656 124.849 119.034 95.7638 110.799 110.738 73.9306 112.47 97.6645 136.86 135.685 119.834 117.919 127.039 103.781 119.727 85.7681 120.186 86.0394 57.3036 58.7308 65.312 79.2462 32.3208 46.2847 24.334 41.5081 24.3662 0 40.4619 79.7503 70.5704 63.8996 62.0031 47.5051 66.661 98.36 104.572 104.3 97.3181 62.4247 61.8514 94.3102 48.936 96.4951 54.2882 76.2628 71.764 62.5363 63.1237 64.221 78.295 73.9467 65.7528 81.4538
0.4 0.4 52.835 53.8619 42.1188 79.494 96.6635 90.4926 68.2201 79.3045 74.3871 49.2913 96.7029 60.5728 106.236 98.2725 81.3861 78.912 88.5672 64.8972 82.2791 52.6884 87.2441 71.503 52.0377 22.8056 26.0666 40.3622 52.5426 66.9644 35.6459 67.2054 54.5365 40.4619 0 72.2017 81.9637 68.2766 56.814 61.0024 74.0091 94.4444 74.907 76.178 68.5828 38.6483 40.1937 55.9637 31.0682 56.6636 22.4258 72.4395 70.0864 40.4208 46.5336 57.3733 68.3805 61.1976 48.0038 58.1665
0.4 0.4 77.7791 57.11 51.7401 17.4147 65.0924 59.7308 46.4531 63.0499 78.0564 37.7966 47.8591 78.9545 82.9257 101.959 97.1284 95.1171 96.6228 83.1324 89.2457 54.4097 77.8812 38.4964 49.2125 61.4575 72.8929 72.0905 78.674 71.6506 75.3532 70.2265 67.5796 79.7503 72.2017 0 42.9388 23.3335 25.2226 40.5373 48.7164 40.9792 75.815 85.9485 81.1973 38.9652 42.9643 78.5549 53.842 90.9525 72.5387 117.965 122.209 85.1311 88.6786 102.222 122.621 117.605 108.397 111.199
0.4 0.4 87.6146 85.1957 68.1508 56.5265 99.4114 98.3843 86.283 102.612 114.332 72.0576 66.877 103.743 113.769 132.668 124.95 124.851 130.442 114.316 125.633 87.202 106.939 51.1946 42.44 79.2335 90.7235 96.2175 58.1963 41.7396 64.7807 40.1551 48.6704 70.5704 81.9637 42.9388 0 26.7563 50.3552 31.2626 19.8355 39.194 93.9748 97.9973 93.8041 66.3986 71.2297 110.012 73.8337 119.647 91.8647 105.36 110.066 86.2932 85.6258 92.4224 115.252 112.558 107.284 112.923
0.4 0.4 82.8268 70.4995 58.094 40.4951 86.7097 81.7096 64.9522 82.5504 94.6624 49.8035 64.5877 91.0901 103.418 119.469 111.741 109.934 113.614 96.8605 105.892 68.4241 95.804 48.6693 43.9886 64.6026 76.7181 80.598 63.0133 54.0849 62.6124 50.2834 47.6963 63.8996 68.2766 23.3335 26.7563 0 24.1213 18.7815 37.001 46.8037 88.1909 95.2167 89.8735 45.5968 47.9472 90.4772 52.0526 101.025 72.4859 110.373 113.41 83.105 85.1284 95.31 116.55 112.149 103.78 109.982
0.4 0.4 79.5876 59.3835 52.8292 38.7312 79.7546 70.8612 48.3493 66.5131 77.1804 31.3221 70.6015 80.1366 97.2532 107.989 99.6589 96.2016 98.4299 80.7584 87.9572 52.7865 87.9526 54.8118 52.1003 52.5651 64.164 66.4596 70.4242 68.2708 63.9514 64.2226 54.5583 62.0031 56.814 25.2226 50.3552 24.1213 0 30.0118 56.2662 62.8902 84.9608 93.7408 87.5232 28.817 26.7648 72.0659 32.7054 82.8356 54.28 113.504 114.99 80.7156 85.0179 97.4247 116.083 110.343 99.5755 106.006
0.4 0.4 84.7574 77.5568 62.024 57.484 101.021 95.4499 75.5226 93.3183 102.364 56.6855 80.457 96.3441 116.86 128.51 118.25 116.287 121.504 102.216 113.295 75.3112 106.527 60.2967 44.5061 63.7402 75.4387 82.6772 50.3147 43.6234 50.4393 37.0791 30.3001 47.5051 61.0024 40.5373 31.2626 18.7815 30.0118 0 39.1511 61.3896 96.0056 100.889 94.8939 49.2747 49.9577 94.2939 47.9478 102.921 67.5595 102.44 103.692 79.0779 80.4249 87.969 108.489 104.26 96.0632 105.224
0.4 0.4 71.9649 76.7582 56.7869 59.3939 94.8318 95.8682 85.236 100.106 109.3 70.7269 62.3664 92.6709 106.604 123.085 114.206 115.191 122.787 106.464 120.329 81.7971 97.7217 41.7566 26.9151 70.2087 80.5983 86.9343 47.2373 31.8633 54.3854 35.7156 47.4562 66.661 74.0091 48.7164 19.8355 37.001 56.2662 39.1511 0 37.7802 80.5498 82.2382 78.3307 63.5592 70.8061 103.746 73.1602 112.085 87.4707 87.7555 93.7398 70.3262 68.7076 75.2332 98.3537 96.151 92.1225 96.2923
0.4 0.4 79.556 73.4282 62.8333 41.3387 72.0442 76.1622 75.5715 87.4407 101.681 70.5807 31.4922 90.9063 84.1969 110.851 108.096 109.437 113.458 103.49 112.434 78.7875 82.8789 30.4414 48.7555 82.0538 92.0901 91.9035 82.8905 69.5669 86.0784 72.8276 81.1235 98.36 94.4444 40.9792 39.194 46.8037 62.8902 61.3896 37.7802 0 73.4419 80.019 78.1737 69.4781 77.7082 103.925 87.105 115.118 102.296 114.34 122.318 89.7475 90.1412 101.309 123.491 120.671 115.705 114.861
0.4 0.4 29.7619 33.7435 37.2269 67.8819 48.653 56.6538 61.8349 61.0105 59.8917 63.4457 54.643 30.1387 45.7126 48.5693 41.7863 47.141 57.5463 51.5289 66.5804 48.6442 28.7969 45.1989 59.688 54.1026 53.9701 47.0796 93.1113 95.825 85.7772 102.526 103.554 104.572 74.907 75.815 93.9748 88.1909 84.9608 96.0056 80.5498 73.4419 0 15.7617 15.4536 62.9731 73.7559 60.8394 83.3193 66.2972 81.5807 89.7686 98.0206 56.0803 60.5613 77.6961 90.0051 85.6278 79.7275 68.7078
0.4 0.4 24.3747 45.1876 42.4817 80.0934 64.2199 72.3552 75.6115 75.6151 72.3271 74.2652 65.2057 37.7413 59.737 58.3272 49.0929 55.5334 68.3035 61.0253 78.3422 60.2895 43.228 52.6662 60.4647 58.1064 56.5286 53.0303 89.8643 93.8546 83.4002 101.752 104.17 104.3 76.178 85.9485 97.9973 95.2167 93.7408 100.889 82.2382 80.019 15.7617 0 7.64398 71.6394 82.5663 69.9701 89.8444 72.8905 86.2814 78.2064 87.3619 49.3012 52.3469 67.9196 78.7334 75.2266 71.4499 58.3563
0.4 0.4 17.382 39.4511 35.5603 76.2369 63.4562 70.0028 70.6835 71.726 68.1209 67.9762 64.7118 32.9435 61.0288 58.4771 47.4051 52.9653 66.0588 56.3786 74.6359 54.4176 43.0161 49.6356 55.2938 50.5104 49.0571 46.2055 84.1832 88.9655 76.8946 96.4458 97.8712 97.3181 68.5828 81.1973 93.8041 89.8735 87.5232 94.8939 78.3307 78.1737 15.4536 7.64398 0 64.8181 75.6413 64.2258 82.4749 67.2125 78.7266 74.9321 83.3593 43.2296 47.0504 63.5713 74.9855 70.9325 66.0868 54.221
0.4 0.4 56.368 33.6833 30.8108 43.1361 65.8365 57.412 33.4488 48.987 53.777 12.1064 67.385 52.6033 80.2163 83.268 72.5734 69.0879 73.3218 53.5493 64.4463 27.1924 66.3219 48.3716 46.6406 26.4239 37.1266 37.6583 69.3005 73.2507 57.9268 72.7004 63.0398 62.4247 38.6483 38.9652 66.3986 45.5968 28.817 49.2747 63.5592 69.4781 62.9731 71.6394 64.8181 0 11.6145 45.398 23.593 55.5196 35.3088 98.7197 100.466 60.5801 66.9263 82.289 98.2341 91.6472 79.7583 83.4713
0.4 0.4 66.6034 42.7523 41.9901 48.5312 73.028 62.5443 35.8734 51.6766 56.171 15.2391 76.636 60.5855 88.2098 89.8556 79.2477 74.7158 77.5759 57.5991 66.2251 33.0434 74.9123 58.9725 55.87 33.0275 42.581 43.4559 73.8537 78.4596 61.8386 76.3672 64.1445 61.8514 40.1937 42.9643 71.2297 47.9472 26.7648 49.9577 70.8061 77.7082 73.7559 82.5663 75.6413 11.6145 0 46.9853 16.2204 56.7756 31.4056 105.933 106.443 68.6525 75.1303 89.6028 104.648 97.7949 85.2343 90.5713
0.4 0.4 60.0555 33.1449 50.6245 74.0762 64.0258 54.9737 40.2487 37.5397 21.8046 42.1035 89.0874 33.0687 70.6355 53.4532 41.0537 33.8369 36.5913 15.0559 26.8526 25.5128 53.369 76.6387 81.1762 40.0862 36.3239 23.1518 102.71 111.645 87.8784 113.028 102.773 94.3102 55.9637 78.5549 110.012 90.4772 72.0659 94.2939 103.746 103.925 60.8394 69.9701 64.2258 45.398 46.9853 0 54.3337 14.3527 44.3837 111.22 112.339 70.9454 79.7048 96.762 104.351 96.7336 83.854 81.5824
0.4 0.4 70.5672 53.9217 48.6887 62.4909 88.4124 78.3589 51.6467 66.4259 67.7618 31.1493 89.7437 68.8128 102.671 101.132 88.2927 83.8104 88.2614 66.3481 76.8915 45.671 87.7408 69.091 58.0765 34.1695 42.7881 48.578 66.5361 74.0528 53.2508 70.8467 55.5873 48.936 31.0682 53.842 73.8337 52.0526 32.7054 47.9478 73.1602 87.105 83.3193 89.8444 82.4749 23.593 16.2204 54.3337 0 60.8874 22.4651 100.518 99.1635 66.4293 72.4649 84.6764 98.5706 91.6685 78.8176 87.3341
0.4 0.4 61.8182 43.0723 57.6495 87.4161 75.9784 68.1882 54.5471 51.1755 32.8859 54.3203 100.829 36.4125 80.1145 56.7523 41.6114 34.7663 40.342 20.4746 33.894 38.3764 61.4795 86.7723 87.9614 44.1671 36.7344 26.3371 105.668 116.827 89.9564 118.551 107.781 96.4951 56.6636 90.9525 119.647 101.025 82.8356 102.921 112.085 115.118 66.2972 72.8905 67.2125 55.5196 56.7756 14.3527 60.8874 0 45.918 108.429 108.572 70.1465 79.0353 95.07 99.5101 91.7314 78.8093 76.2415
0.4 0.4 65.5661 53.3094 50.8718 78.2411 93.3919 83.8993 58.7866 68.9417 63.1455 42.0535 100.993 61.2159 104.413 94.4832 78.9811 74.2075 80.4979 57.0834 70.1888 46.181 86.5429 79.4607 67.2006 28.9885 31.0722 38.5785 72.3984 84.6782 56.091 83.1774 68.0242 54.2882 22.4258 72.5387 91.8647 72.4859 54.28 67.5595 87.4707 102.296 81.5807 86.2814 78.7266 35.3088 31.4056 44.3837 22.4651 45.918 0 94.0128 91.2854 59.6181 66.8908 79.1152 88.3136 80.6567 66.6262 74.8779
0.4 0.4 62.3758 96.8027 77.5356 123.98 133.538 136.069 124.536 132.469 126.503 109.282 120.849 93.4458 135.19 127.895 110.97 114.357 129.577 111.407 133.189 106.256 116.396 95.4184 70.2619 77.9478 76.2308 88.6695 56.7661 70.7207 55.87 79.0738 82.801 76.2628 72.4395 117.965 105.36 110.373 113.504 102.44 87.7555 114.34 89.7686 78.2064 74.9321 98.7197 105.933 111.22 100.518 108.429 94.0128 0 13.4881 41.3216 33.6362 16.4496 17.605 22.858 34.059 37.6412
0.4 0.4 69.2643 101.306 82.4848 129.247 140.427 141.562 127.825 136.173 129.255 111.459 129.428 98.0284 142.931 133.58 115.689 118.28 133.349 113.962 135.673 109.289 123.355 103.074 76.0799 79.1892 76.9626 90.593 56.9396 73.5345 54.4635 80.4446 81.6312 71.764 70.0864 122.209 110.066 113.41 114.99 103.692 93.7398 122.318 98.0206 87.3619 83.3593 100.466 106.443 112.339 99.1635 108.572 91.2854 13.4881 0 45.3639 39.0942 22.1058 15.0689 19.7642 30.5304 39.792
0.4 0.4 26.4767 56.0385 38.4921 88.8257 95.6573 96.3459 83.9573 91.3496 85.5736 70.0651 90.0743 54.4244 99.1326 91.6406 74.542 76.6485 90.7943 71.4479 92.8542 65.0485 79.3145 64.462 44.8509 38.0993 36.4815 47.9819 51.2752 64.4303 41.313 71.0892 69.4512 62.5363 40.4208 85.1311 86.2932 83.105 80.7156 79.0779 70.3262 89.7475 56.0803 49.3012 43.2296 60.5801 68.6525 70.9454 66.4293 70.1465 59.6181 41.3216 45.3639 0 8.89873 26.3683 39.9022 34.35 27.1364 27.0568
0.4 0.4 31.5701 63.312 44.2743 93.0422 101.364 102.843 91.0468 98.9063 93.8963 76.7525 92.5361 62.1106 104.583 98.5943 81.9412 84.5288 98.8099 79.9627 101.322 72.7719 85.3814 66.6582 44.8553 45.9087 45.1694 56.6732 47.8484 60.7856 40.4495 68.3361 68.7405 63.1237 46.5336 88.6786 85.6258 85.1284 85.0179 80.4249 68.7076 90.1412 60.5613 52.3469 47.0504 66.9263 75.1303 79.7048 72.4649 79.0353 66.8908 33.6362 39.0942 8.89873 0 18.4912 35.1078 30.965 27.2815 27.8233
0.4 0.4 49.3457 81.6566 61.7754 108.294 119.314 120.991 108.507 117.066 111.916 92.8996 107.346 80.1971 122.343 116.2 99.2817 102.051 116.674 97.6422 119.154 90.5921 103.438 81.1392 55.529 62.0442 61.3008 74.0329 45.7168 60.3276 42.2832 68.3133 70.5108 64.221 57.3733 102.222 92.4224 95.31 97.4247 87.969 75.2332 101.309 77.6961 67.9196 63.5713 82.289 89.6028 96.762 84.6764 95.07 79.1152 16.4496 22.1058 26.3683 18.4912 0 23.1934 22.6167 26.6273 32.1012
0.4 0.4 61.5957 94.8025 78.3756 127.867 133.95 135.452 123.089 129.651 121.063 108.442 126.877 88.64 134.916 122.695 104.587 107.532 123.06 104.743 126.64 103.42 114.768 101.442 77.6989 74.7601 70.5596 82.9735 65.4267 81.9768 60.032 89.1702 89.2619 78.295 68.3805 122.621 115.252 116.55 116.083 108.489 98.3537 123.491 90.0051 78.7334 74.9855 98.2341 104.648 104.351 98.5706 99.5101 88.3136 17.605 15.0689 39.9022 35.1078 23.1934 0 8.13326 22.4433 26.6545
0.4 0.4 56.7152 88.4293 72.7088 122.698 128.544 129.39 116.372 122.835 113.865 101.746 123.179 82.2677 129.933 116.917 98.4602 100.986 116.346 97.5462 119.376 96.5149 109.421 97.5886 74.2589 67.6683 63.0391 75.6344 63.4578 80.6749 56.1022 87.3632 85.9831 73.9467 61.1976 117.605 112.558 112.149 110.343 104.26 96.151 120.671 85.6278 75.2266 70.9325 91.6472 97.7949 96.7336 91.6685 91.7314 80.6567 22.858 19.7642 34.35 30.965 22.6167 8.13326 0 14.3852 21.1498
0.4 0.4 50.3681 77.9225 63.3951 113.463 119.797 119.226 104.617 111.234 101.875 89.7386 117.119 72.5213 122.358 108.485 89.5178 91.0564 105.855 85.8664 107.436 84.6682 101.379 91.2844 68.6028 55.2149 50.0644 63.3386 60.1369 78.1662 49.3476 83.7083 79.5828 65.7528 48.0038 108.397 107.284 103.78 99.5755 96.0632 92.1225 115.705 79.7275 71.4499 66.0868 79.7583 85.2343 83.854 78.8176 78.8093 66.6262 34.059 30.5304 27.1364 27.2815 26.6273 22.4433 14.3852 0 19.2515
0.4 0.4 41.5029 73.6027 61.769 113.499 112.532 114.031 103.579 107.639 97.336 91.9732 112.184 64.01 112.182 96.7733 78.4064 81.4998 97.2803 80.1916 102.089 82.8399 91.2963 88.6378 71.4815 58.015 51.234 60.8779 72.1199 87.4729 62.4462 94.4552 92.4903 81.4538 58.1665 111.199 112.923 109.982 106.006 105.224 96.2923 114.861 68.7078 58.3563 54.221 83.4713 90.5713 81.5824 87.3341 76.2415 74.8779 37.6412 39.792 27.0568 27.8233 32.1012 26.6545 21.1498 19.2515 0
